45 178
3 3 3 3 3 3 3 3 3 3 3 3 3 3 3 3 3 3 3 3 3 3 3 3 3 3 3 3 3 3 3 3 3 3 3 3 3 3 3 3 3 3 3 3 3 3 3 3 3 3 3 3 3 3 3 3 3 3 3 3 3 3 3 3 3 3 3 3 3 3 3 3 3 3 3 3 3 3 3 3 3 3 3 3 3 3 3 3 3 3 3 3 3 3 3 3 3 3 3 3 3 3 3 3 3 3 3 3 3 3 3 3 3 3 3 3 3 3 3 3 3 3 3 3 3 3 3 3 3 3 3 3 3 2 7 7 7 7 7 7 7 7 7 7 7 7 7 7 7 7 7 7 7 7 7 7 7 7 7 7 7 7 7 7 7 7 263 3 3 3 3 3 3 3 3 3 3 3 
3 3 3 3 3 3 3 3 3 3 3 3 3 3 3 3 3 3 3 3 3 3 3 3 3 3 3 3 3 3 3 3 3 3 3 3 3 3 3 3 3 3 3 3 3 3 3 3 3 3 3 3 3 3 3 3 3 3 3 3 3 3 3 3 3 3 3 3 3 3 3 3 3 3 3 3 3 3 3 3 3 3 3 3 3 3 3 3 3 3 3 3 3 3 3 3 3 3 3 3 3 3 3 3 3 3 3 3 3 3 3 3 3 3 3 3 3 3 3 3 3 3 3 3 3 3 3 3 3 3 3 3 3 1 225 225 225 225 225 225 225 225 225 225 225 225 225 225 225 225 225 225 225 225 225 225 225 225 225 225 225 225 225 225 225 225 180 3 3 3 3 3 3 3 3 3 3 3 
3 3 3 3 3 3 3 3 3 3 3 3 3 3 3 3 3 3 3 3 3 3 3 3 3 3 3 3 3 3 3 3 3 3 3 3 3 3 3 3 3 3 3 3 3 3 3 3 3 3 3 3 3 3 3 3 3 3 3 3 3 3 3 3 3 3 3 3 3 3 3 3 3 3 3 3 3 3 3 3 3 3 3 3 3 3 3 3 3 3 3 3 3 3 3 3 3 3 3 3 3 3 3 3 3 3 3 3 3 3 3 3 3 3 3 3 3 3 3 3 3 3 3 3 3 3 3 3 3 3 3 3 3 1 225 225 225 225 225 225 225 225 225 225 225 225 225 225 225 225 225 225 225 225 225 225 225 225 225 225 225 225 225 225 225 225 180 3 3 3 3 3 3 3 3 3 3 3 
3 3 3 3 3 3 3 3 3 3 3 3 3 3 3 3 3 3 3 3 3 3 3 3 3 3 3 3 3 3 3 3 3 3 3 3 3 3 3 3 3 3 3 3 3 3 3 3 3 3 3 3 3 3 3 3 3 3 3 3 3 3 3 3 3 3 3 3 3 3 3 3 3 3 3 3 3 3 3 3 3 3 3 3 3 3 3 3 3 3 3 3 3 3 3 3 3 3 3 3 3 3 3 3 3 3 3 3 3 3 3 3 3 3 3 3 3 3 3 3 3 3 3 3 3 3 3 3 3 3 3 3 3 1 225 225 225 225 225 225 225 225 236 236 236 236 236 236 236 236 225 225 225 225 225 225 225 225 225 225 225 225 225 225 225 225 180 3 3 3 3 3 3 3 3 3 3 3 
3 3 3 20 28 35 43 53 67 81 93 106 115 121 126 3 3 3 3 3 3 3 3 3 3 3 3 3 3 3 3 3 3 3 3 3 3 3 3 3 3 3 3 3 3 3 3 3 3 3 3 3 3 3 3 3 3 3 3 3 3 3 3 3 3 3 3 3 3 3 3 3 3 3 3 3 3 3 3 3 3 3 3 3 3 3 3 3 3 3 3 3 3 3 3 3 3 3 3 3 3 3 3 3 3 3 3 3 3 3 3 3 3 3 3 3 3 3 3 3 3 3 3 3 3 3 3 3 3 3 3 3 3 1 225 225 225 225 225 225 225 225 236 236 236 236 236 236 250 250 236 225 225 225 225 225 225 225 225 225 225 225 225 225 225 225 180 3 3 3 3 3 3 3 3 3 3 3 
3 3 3 19 27 34 42 52 66 80 92 105 114 120 125 3 3 137 148 148 148 148 148 148 148 148 148 148 148 148 148 148 204 3 3 3 3 3 3 3 3 3 3 3 3 3 3 3 3 3 3 3 3 3 3 3 3 3 3 3 3 3 3 3 3 3 3 3 3 3 3 3 3 3 3 3 3 3 3 3 3 3 3 3 3 3 3 3 3 3 3 3 3 3 3 3 3 3 3 3 3 3 3 3 3 3 3 3 3 3 3 3 3 3 3 3 3 3 3 3 3 3 3 3 3 3 3 3 3 3 3 3 3 1 225 225 225 225 225 225 225 225 236 236 236 236 236 250 236 236 250 236 225 225 225 225 225 225 225 225 225 225 225 225 225 225 180 3 3 3 3 3 3 3 3 3 3 3 
3 3 3 3 3 33 41 51 65 79 91 104 113 3 3 3 3 136 147 155 155 168 146 171 146 178 185 189 189 189 191 145 203 3 3 3 3 3 3 3 3 3 3 3 3 3 3 3 3 3 3 3 3 3 3 3 3 3 3 3 3 3 3 3 3 3 3 3 3 3 3 3 3 3 3 3 3 3 3 3 3 3 3 3 3 3 3 3 3 3 3 3 3 3 3 3 3 3 3 3 3 3 3 3 3 3 3 3 3 3 3 3 3 3 3 3 3 3 3 3 3 3 3 3 3 3 3 3 3 3 3 3 3 1 225 225 225 225 225 225 225 225 236 236 236 236 236 236 236 236 250 236 236 225 225 225 225 225 225 225 225 225 225 225 225 225 180 3 3 3 3 3 3 3 3 3 3 3 
3 3 11 18 26 32 3 3 64 78 90 103 112 119 124 127 3 136 147 155 155 164 155 155 147 164 184 147 147 147 184 145 203 3 3 3 3 3 3 3 3 3 3 3 3 3 3 3 3 3 3 3 3 3 3 3 3 3 3 3 3 3 3 3 3 3 3 3 3 3 3 3 3 3 3 3 3 3 3 3 3 3 3 3 3 3 3 3 3 3 3 3 3 3 3 3 3 3 3 3 3 3 3 3 3 3 3 3 3 3 3 3 3 3 3 3 3 3 3 3 3 3 3 3 3 3 3 3 3 3 3 3 3 1 225 225 225 225 225 225 225 225 236 236 236 236 236 236 250 250 236 236 236 236 225 225 225 225 225 225 225 225 225 225 225 225 180 3 3 3 3 3 3 3 3 3 3 3 
3 3 3 3 3 3 3 2 63 77 89 3 3 3 3 3 3 136 147 147 155 167 155 173 146 171 183 190 146 193 184 145 203 3 3 3 3 3 3 3 3 3 3 3 3 3 3 3 3 3 3 3 3 3 3 3 3 3 3 3 3 3 3 3 3 3 3 3 3 3 3 3 3 3 3 3 3 3 3 3 3 3 3 3 3 3 3 3 3 3 3 3 3 3 3 3 3 3 3 3 3 3 3 3 3 3 3 3 3 3 3 3 3 3 3 3 3 3 3 3 3 3 3 3 3 3 3 3 3 3 3 3 3 1 225 225 225 225 225 225 225 225 236 236 236 236 236 236 236 236 250 236 236 236 236 225 225 225 225 225 225 225 225 225 225 225 180 3 3 3 3 3 3 3 3 3 3 3 
3 3 3 3 3 3 3 50 62 76 88 3 3 3 3 3 3 136 145 147 147 164 147 145 145 145 182 189 191 192 198 145 203 3 3 3 3 3 3 3 3 3 3 3 3 3 3 3 3 3 3 3 3 3 3 3 3 3 3 3 3 3 3 3 3 3 3 3 3 3 3 3 3 3 3 3 3 3 3 3 3 3 3 3 3 3 3 3 3 3 3 3 3 3 3 3 3 3 3 3 3 3 3 3 3 3 3 3 3 3 3 3 3 3 3 3 3 3 3 3 3 3 3 3 3 3 3 3 3 3 3 3 3 1 225 225 225 225 225 225 225 225 236 236 236 236 236 250 236 236 250 236 236 236 236 236 236 236 225 225 225 225 225 225 225 225 180 3 3 3 3 3 3 3 3 3 3 3 
3 3 3 3 3 3 3 49 61 75 87 3 3 3 3 3 3 136 145 145 145 167 146 172 146 177 145 145 182 189 197 145 203 3 3 3 3 3 3 3 3 3 3 3 3 3 3 3 3 3 3 3 3 3 3 3 3 3 3 3 3 3 3 3 3 3 3 3 3 3 3 3 3 3 3 3 3 3 3 3 3 3 3 3 3 3 3 3 3 3 3 3 3 3 3 3 3 3 3 3 3 3 3 3 3 3 3 3 3 3 3 3 3 3 3 3 3 3 3 3 3 3 3 3 3 3 3 3 3 3 3 3 3 1 225 225 225 225 225 225 225 225 235 243 236 236 236 236 250 250 236 236 236 236 236 236 255 257 225 225 225 225 225 225 225 225 180 3 3 3 3 3 3 3 3 3 3 3 
3 3 3 17 25 31 40 48 60 74 86 102 111 118 123 3 3 136 145 145 145 166 145 145 145 164 145 145 145 145 145 145 203 3 3 3 3 3 3 3 3 3 3 3 3 3 3 3 3 3 3 3 3 3 3 3 3 3 3 3 3 3 3 3 3 3 3 3 3 3 3 3 3 3 3 3 3 3 3 3 3 3 3 3 3 3 3 3 3 3 3 3 3 3 3 3 3 3 3 3 3 3 3 3 3 3 3 3 3 3 3 3 3 3 3 3 3 3 3 3 3 3 3 3 3 3 3 3 3 3 3 3 3 1 225 225 225 225 225 225 225 225 234 242 236 236 236 236 236 236 236 236 236 236 236 236 234 242 225 225 225 225 225 225 225 225 180 3 3 3 3 3 3 3 3 3 3 3 
3 3 3 16 24 30 39 47 59 73 85 101 110 117 122 3 3 136 146 154 146 165 145 145 145 167 146 188 146 173 145 145 203 3 3 3 3 3 3 3 3 3 3 3 3 3 3 3 3 3 3 3 3 3 3 3 3 3 3 3 3 3 3 3 3 3 3 3 3 3 3 3 3 3 3 3 3 3 3 3 3 3 3 3 3 3 3 3 3 3 3 3 3 3 3 3 3 3 3 3 3 3 3 3 3 3 3 3 3 3 3 3 3 3 3 3 3 3 3 3 3 3 3 3 3 3 3 3 3 3 3 3 3 1 225 225 225 225 225 225 225 225 233 241 225 225 225 225 225 225 225 225 225 225 225 225 233 241 225 225 225 225 225 225 225 225 180 3 3 3 3 3 3 3 3 3 3 3 
3 3 3 15 23 29 38 46 58 72 84 100 109 116 3 3 3 136 145 145 145 164 145 145 145 164 145 145 145 164 145 145 203 3 3 3 3 3 3 3 3 3 3 3 3 3 3 3 3 3 3 3 3 3 3 3 3 3 3 3 3 3 3 3 3 3 3 3 3 3 3 3 3 3 3 3 3 3 3 3 3 3 3 3 3 3 3 3 3 3 3 3 3 3 3 3 3 3 3 3 3 3 3 3 3 3 3 3 3 3 3 3 3 3 3 3 3 3 3 3 3 3 3 3 3 3 3 3 3 3 3 3 3 0 4 4 4 4 4 4 4 4 232 240 4 4 4 4 4 4 4 4 4 4 4 4 232 240 4 4 4 4 4 4 4 4 262 3 3 3 3 3 3 3 3 3 3 3 
3 3 3 3 3 3 37 45 57 71 83 99 3 3 3 3 3 136 145 145 145 163 146 171 146 176 146 187 146 171 145 145 203 3 3 3 3 3 3 3 3 3 3 3 3 3 3 3 3 3 3 3 3 3 3 3 3 3 3 3 3 3 3 3 3 3 3 3 3 3 3 3 3 3 3 3 3 3 3 3 3 3 3 3 3 3 3 3 3 3 3 3 3 3 3 3 3 3 3 3 3 3 3 3 3 3 3 3 3 3 3 3 3 3 3 3 3 3 3 3 3 3 3 3 3 3 3 3 3 3 3 3 3 3 3 3 3 3 3 3 3 3 231 239 3 3 246 249 252 252 252 252 252 252 252 252 254 249 3 3 3 3 3 3 3 3 3 3 3 3 3 3 3 3 3 3 3 3 
3 3 3 3 3 3 36 44 56 70 82 98 3 3 3 3 3 135 144 144 144 162 144 144 144 144 144 144 144 144 144 144 202 3 3 3 3 3 3 3 3 3 3 3 3 3 3 3 3 3 3 3 3 3 3 3 3 3 3 3 3 3 3 3 3 3 3 3 3 3 3 3 3 3 3 3 3 3 3 3 3 3 3 3 3 3 3 3 3 3 3 3 3 3 3 3 3 3 3 3 3 3 3 3 3 3 3 3 3 3 3 3 3 3 3 3 3 3 3 3 3 3 3 3 3 3 3 3 3 3 3 3 3 3 3 3 3 3 3 3 3 3 231 239 3 3 245 248 251 251 251 251 251 251 251 251 245 256 3 3 3 3 3 3 3 3 3 3 3 3 3 3 3 3 3 3 3 3 
2 7 7 7 7 7 7 7 7 7 7 7 7 7 7 7 7 7 7 7 7 7 7 7 7 7 7 7 7 7 7 7 7 7 7 7 7 7 7 7 7 7 7 7 7 7 7 7 7 7 7 7 7 7 7 7 7 7 7 7 7 7 7 7 7 7 7 7 7 7 7 7 7 7 7 7 7 7 7 7 7 7 7 7 7 7 7 7 7 7 7 7 7 7 7 7 7 7 7 7 7 7 7 7 7 7 7 7 7 7 7 7 7 7 7 7 7 7 7 7 7 7 7 7 7 7 7 7 7 7 7 7 7 7 7 7 7 7 7 7 7 7 230 238 7 7 230 238 7 7 7 7 7 7 7 7 7 7 7 7 7 7 7 7 7 7 7 7 7 7 7 7 7 7 7 7 7 263 
1 6 10 10 10 10 10 10 10 10 10 10 10 10 10 10 10 10 10 10 10 10 10 10 10 10 10 10 10 10 10 10 10 10 10 10 10 10 10 213 214 215 215 215 215 215 215 215 215 215 215 215 215 215 215 215 215 215 215 215 215 215 215 215 215 215 215 215 216 5 5 5 5 6 10 10 10 10 10 10 10 10 10 10 10 10 10 10 10 10 10 10 10 10 213 5 5 6 10 10 10 213 5 5 5 6 10 10 10 10 10 10 10 10 10 10 10 10 10 10 10 10 10 10 10 10 10 10 10 10 10 10 10 10 10 10 10 10 10 10 213 5 6 10 10 10 10 10 10 10 10 10 10 10 10 10 10 10 10 10 10 10 10 10 10 10 10 10 10 10 10 10 10 10 10 10 213 180 
1 5 9 14 14 14 13 12 14 22 5 97 97 97 5 5 131 134 143 153 158 161 5 170 175 5 181 186 186 186 196 201 134 181 186 186 186 186 196 161 6 10 10 10 10 10 10 10 10 10 10 10 10 10 10 10 10 10 10 10 10 10 10 10 10 10 10 10 213 5 5 5 5 5 5 97 97 97 5 5 181 186 186 186 186 186 196 201 143 153 158 161 5 5 5 5 5 5 5 223 223 223 5 5 5 223 223 223 5 97 97 97 5 170 175 5 5 170 175 8 12 14 22 222 222 222 222 222 222 222 5 5 222 222 5 131 134 143 228 196 161 5 170 175 5 5 170 175 5 9 14 14 14 14 22 5 253 236 236 236 236 236 258 260 236 236 261 236 236 236 236 236 236 258 260 261 236 180 
1 5 9 13 12 14 22 9 13 21 5 5 5 5 5 5 130 133 142 152 157 161 5 170 175 5 180 3 3 3 195 200 133 179 7 7 7 7 194 160 5 5 108 97 97 97 97 97 97 5 5 5 8 12 14 14 14 14 14 22 8 12 14 22 5 5 97 97 5 5 5 5 5 5 5 5 5 5 5 5 179 7 7 7 7 7 194 199 142 152 157 161 5 5 5 5 5 5 5 5 223 223 5 5 5 223 223 5 5 5 5 5 5 169 174 5 5 170 175 5 9 13 21 5 222 222 222 222 222 5 5 5 222 5 5 130 133 142 227 195 161 5 170 175 5 5 169 174 5 9 14 14 14 13 21 5 253 236 236 236 236 236 236 259 236 258 260 236 236 236 236 236 236 236 259 261 236 180 
1 5 8 12 22 8 21 8 21 5 5 5 5 5 5 5 129 132 141 151 157 161 5 169 174 5 179 7 7 7 194 199 133 142 210 208 212 161 5 5 5 5 128 5 5 5 5 5 5 5 5 5 5 9 13 12 13 12 14 22 5 9 13 21 5 5 5 5 5 5 5 5 5 5 5 5 5 5 5 5 5 5 130 133 133 133 133 133 142 152 157 161 5 108 5 5 5 5 5 5 5 223 5 5 5 223 5 5 5 5 5 5 5 5 5 5 5 169 174 5 8 21 5 5 5 222 222 222 222 5 5 5 5 5 5 129 132 141 226 195 161 5 223 223 5 5 244 247 5 9 14 14 14 22 5 5 253 236 236 236 236 236 236 259 236 261 236 236 236 236 236 236 236 236 258 260 236 180 
1 5 5 8 21 5 5 5 5 5 5 5 108 108 5 5 5 5 140 150 157 161 5 5 5 5 5 5 5 5 130 133 133 142 210 208 212 161 5 5 5 5 5 5 5 108 5 5 5 5 5 5 5 8 21 8 12 22 8 21 5 8 21 5 5 5 5 5 5 5 5 5 5 5 5 5 5 5 5 5 5 5 129 132 132 132 132 132 141 151 157 161 5 128 5 5 5 5 5 5 5 5 5 5 5 5 5 5 5 5 5 5 5 5 5 5 5 5 5 5 5 5 5 5 5 5 5 5 224 5 5 5 5 5 5 5 5 180 3 195 161 5 5 5 5 5 5 5 5 8 12 14 14 22 5 5 253 236 236 236 236 236 236 259 258 260 236 236 266 269 272 236 236 236 236 236 236 180 
1 5 5 5 5 5 5 5 5 5 5 5 107 107 5 5 5 5 139 149 156 160 5 5 5 5 5 5 5 5 129 132 132 141 209 208 212 161 5 5 5 5 5 5 5 107 5 5 5 5 5 5 5 5 5 5 8 21 5 5 5 5 5 5 5 5 5 5 5 5 5 5 5 5 5 5 5 5 5 5 5 5 5 5 140 150 150 150 150 150 157 161 5 5 5 223 223 5 5 5 5 5 5 5 5 5 5 5 5 5 5 5 5 5 5 5 5 5 5 5 5 5 5 5 5 5 5 5 5 5 5 5 5 5 5 5 5 180 3 195 161 5 5 5 5 5 5 5 5 5 8 12 14 22 5 5 253 236 236 236 236 236 236 259 261 236 236 236 265 268 271 236 236 236 236 236 236 180 
1 5 5 5 5 5 5 5 5 5 5 5 5 5 5 5 5 5 5 5 5 5 5 5 5 5 5 108 5 5 5 5 5 206 208 208 212 161 5 5 5 5 5 5 5 5 55 69 69 69 96 5 5 5 5 5 5 5 5 5 5 5 5 5 5 5 5 5 107 5 5 5 5 5 5 5 5 5 5 5 5 5 5 5 139 149 149 149 149 149 156 160 5 5 5 5 5 5 5 5 5 5 5 5 5 5 5 5 5 5 5 5 5 5 5 5 5 5 5 5 5 5 5 5 5 5 5 5 5 5 5 5 5 5 5 5 5 180 3 195 161 5 5 5 5 5 5 5 5 5 5 9 14 22 5 5 253 236 236 236 236 236 236 258 260 236 236 236 264 267 270 236 236 236 236 236 236 180 
1 5 5 5 5 5 5 5 5 5 5 5 5 5 5 108 108 5 5 5 5 5 5 5 5 5 5 107 5 5 5 5 5 205 207 207 211 160 5 5 5 5 5 5 5 5 54 68 68 68 95 5 5 5 5 5 5 5 5 5 5 5 5 5 5 5 5 5 5 5 5 5 5 5 5 5 5 5 5 5 5 5 5 5 5 5 5 5 5 5 5 5 5 5 5 5 5 5 5 5 5 5 5 5 5 5 5 5 5 5 5 5 5 5 5 5 5 5 5 5 5 5 5 5 5 5 5 5 5 5 5 5 5 5 5 5 5 180 3 195 161 5 223 223 5 5 55 69 96 5 5 9 13 21 5 5 253 236 236 236 236 236 236 236 236 236 236 236 236 236 236 236 236 236 236 236 236 180 
1 5 5 5 5 5 5 5 55 69 69 96 5 5 5 107 128 5 5 5 5 5 5 5 5 5 5 5 5 5 5 5 5 5 5 5 5 5 5 5 5 55 69 96 5 5 5 5 5 5 5 5 5 5 5 5 5 5 5 5 5 5 5 5 5 5 5 5 5 5 107 5 5 5 55 69 96 5 5 5 5 5 5 5 5 5 5 5 5 5 5 5 5 5 5 5 5 5 5 5 5 5 5 5 55 69 69 69 96 5 5 5 5 5 5 5 5 5 5 5 5 5 5 5 5 5 5 5 5 5 5 5 5 5 5 5 5 180 3 195 161 5 170 175 5 5 54 68 95 5 5 8 21 5 5 5 253 236 236 236 236 236 236 236 236 236 236 236 236 236 236 236 236 236 236 236 236 180 
1 5 5 5 5 5 5 5 54 68 68 95 5 5 5 5 5 5 5 5 5 55 69 96 5 5 5 5 5 5 5 5 5 5 5 5 5 5 5 5 5 54 68 95 5 5 5 5 5 5 5 5 5 5 5 5 5 5 5 5 5 5 5 5 5 5 5 5 5 5 5 5 5 5 54 68 95 5 5 5 5 5 5 5 5 5 5 5 5 5 5 5 5 5 5 5 5 5 5 5 5 5 5 5 54 68 68 68 95 5 5 5 5 5 5 5 5 5 5 5 5 5 5 5 5 5 5 5 5 5 5 5 5 5 5 5 5 179 7 194 160 5 170 175 5 5 5 5 5 5 5 5 5 5 5 5 253 236 236 236 236 236 236 236 236 236 236 236 236 236 236 236 236 236 236 236 236 180 
1 5 5 5 5 5 5 5 5 5 5 5 5 5 5 5 5 5 5 5 5 54 68 95 5 5 5 5 5 5 5 5 5 5 5 5 5 5 5 5 5 5 5 5 5 5 5 5 5 5 5 5 5 5 5 5 5 5 5 5 5 5 5 5 5 5 5 5 5 5 5 5 107 5 5 5 5 5 5 5 5 5 5 5 5 5 5 5 5 5 5 5 5 5 5 5 5 5 5 5 5 5 5 5 5 5 5 5 5 5 5 5 5 5 5 5 5 5 5 5 5 5 5 5 5 5 5 5 5 5 5 5 5 5 5 5 5 5 5 5 5 5 170 175 5 5 5 5 5 5 5 5 5 5 5 5 253 236 236 236 236 236 236 236 236 236 236 236 236 236 236 236 236 236 236 236 236 180 
1 5 5 5 5 5 5 5 5 5 5 5 5 5 5 5 5 5 5 5 5 5 5 5 5 5 5 5 5 5 5 5 5 5 5 5 5 5 5 5 5 5 5 5 5 5 5 5 5 5 5 5 5 5 5 5 5 5 5 5 5 5 5 5 5 5 5 5 5 5 5 5 5 5 5 5 5 5 5 5 5 5 5 5 5 5 5 5 5 5 5 5 5 5 5 5 5 5 5 5 5 5 5 5 5 5 5 5 5 5 5 5 5 5 5 5 5 5 5 5 5 5 5 5 5 5 5 5 5 5 5 5 5 5 5 5 5 5 5 5 5 5 170 175 5 5 5 5 5 5 5 5 5 5 5 5 253 236 236 236 236 236 236 236 236 236 236 236 236 236 236 236 236 236 236 236 236 180 
1 5 5 5 5 5 5 5 5 5 5 5 5 5 5 5 5 5 5 5 5 5 5 5 5 5 5 5 5 5 5 5 5 5 5 5 5 5 5 5 5 5 5 5 5 5 5 5 5 5 5 5 5 5 5 5 5 5 5 5 5 5 5 5 5 5 5 5 5 5 5 5 5 5 107 5 5 5 5 5 5 5 5 5 5 5 5 5 5 5 5 5 5 5 5 5 5 5 5 5 5 5 5 5 5 5 5 5 5 5 5 5 5 5 5 5 5 5 5 5 5 5 5 5 5 5 5 5 5 5 5 5 5 5 5 5 5 5 5 5 5 5 170 175 5 5 5 5 5 5 5 5 5 5 5 5 253 236 236 236 236 236 236 236 236 236 236 236 236 236 236 236 236 236 236 236 236 180 
1 5 5 5 5 5 5 5 5 5 5 5 5 5 5 5 5 5 5 5 5 5 5 5 5 5 5 5 5 5 5 5 5 5 5 5 5 5 5 5 5 5 5 5 5 5 5 5 5 5 5 5 5 5 5 5 5 5 5 5 5 5 5 5 5 5 5 5 5 5 5 5 5 5 5 5 5 5 5 5 5 5 5 5 5 5 5 5 5 5 5 5 5 5 5 5 5 5 5 5 5 5 5 5 5 5 5 5 5 5 5 5 5 5 5 5 5 5 5 5 5 5 5 5 5 5 5 5 5 5 5 5 5 5 5 5 5 5 5 5 5 5 170 175 5 5 5 5 5 5 5 5 5 5 5 5 253 236 236 236 236 236 236 236 236 236 236 236 236 236 236 236 236 236 236 236 236 180 
1 5 5 5 5 5 5 5 5 5 5 5 5 5 5 5 5 5 5 5 5 5 5 5 5 5 5 5 5 5 5 5 5 5 5 5 5 5 5 5 5 5 5 5 5 5 5 5 5 5 5 5 5 5 5 5 5 5 5 5 5 5 5 5 5 5 5 5 5 5 5 5 5 5 5 5 107 5 5 5 5 5 5 5 5 5 5 5 5 220 220 220 220 5 5 5 5 5 5 5 5 5 5 5 5 5 5 5 5 5 5 5 5 5 5 5 5 5 5 5 5 5 5 5 5 5 5 5 5 5 5 5 5 5 5 5 5 5 5 5 5 5 170 175 5 5 5 5 5 5 5 5 5 5 5 5 253 236 236 236 236 236 236 236 236 236 236 236 236 236 236 236 236 236 236 236 236 180 
1 5 5 5 5 5 5 5 5 5 5 5 5 5 5 5 5 5 5 5 5 5 5 5 5 5 5 5 5 5 5 5 5 5 5 5 5 5 5 5 5 5 5 5 5 5 5 5 5 5 5 5 5 5 5 5 5 5 5 5 5 5 5 5 5 5 5 5 5 5 5 5 5 5 5 5 5 5 5 5 5 5 5 217 218 218 218 219 5 5 5 5 5 5 220 220 220 220 220 220 220 220 220 220 220 220 220 5 5 5 5 5 5 5 5 5 5 5 5 5 5 5 5 5 5 5 5 5 5 5 5 5 5 5 5 5 5 5 5 5 5 5 170 175 5 5 5 5 5 5 5 5 5 5 5 5 253 236 236 236 236 236 236 236 236 236 236 236 236 236 236 236 236 236 236 236 236 180 
1 5 5 5 5 5 5 5 5 5 5 5 5 5 5 5 5 5 5 5 5 5 5 5 5 5 5 5 5 5 5 5 5 5 5 5 5 5 5 5 5 5 5 5 5 5 5 5 5 5 5 5 5 5 5 5 5 5 5 5 5 5 5 5 5 5 5 5 5 5 5 5 5 5 5 5 5 5 5 5 5 5 5 131 134 134 143 161 5 5 5 5 5 5 5 5 5 5 5 5 5 5 5 5 5 5 5 5 5 5 5 5 5 5 5 5 5 5 5 5 5 5 5 5 5 5 5 5 5 5 5 5 5 5 5 5 5 5 5 5 5 5 170 175 5 5 5 5 5 5 5 5 5 5 5 5 253 236 236 236 236 236 236 236 236 236 236 236 236 236 236 236 236 236 236 236 236 180 
1 5 5 5 5 5 5 5 5 5 5 94 5 5 5 5 5 5 5 94 5 5 5 5 138 5 5 5 5 5 5 5 5 5 5 5 5 5 5 5 5 5 5 5 5 5 5 5 5 5 5 5 5 5 5 5 5 5 5 5 5 5 5 5 5 5 5 5 5 5 5 5 5 5 5 5 5 5 5 5 138 5 5 129 132 132 141 160 5 5 5 5 5 5 5 5 5 5 5 5 5 5 5 5 5 5 5 107 5 5 5 5 5 5 5 5 5 5 5 5 5 5 5 5 5 5 5 5 5 5 5 5 5 5 5 5 5 159 5 5 5 5 170 175 5 5 5 5 5 5 5 5 5 5 5 5 253 236 236 236 236 236 236 236 236 236 236 236 236 236 236 236 236 236 236 236 236 180 
1 5 5 5 5 5 5 5 5 5 5 5 5 5 5 5 5 5 5 5 5 5 5 5 5 5 5 5 5 5 5 5 5 5 5 5 5 5 5 5 5 5 5 5 5 5 5 5 5 5 5 5 5 5 5 5 5 5 5 5 5 5 5 5 5 5 5 5 5 5 5 5 5 5 5 5 5 5 5 5 5 5 5 5 5 159 5 5 5 5 5 222 5 5 5 5 5 107 107 107 107 5 5 5 5 5 5 5 5 5 5 107 5 5 5 5 107 5 5 5 5 5 5 5 5 5 5 5 5 5 5 5 5 5 5 5 5 5 5 5 5 5 170 175 5 5 5 5 5 5 5 94 5 5 5 5 253 236 236 236 236 236 236 236 236 236 236 236 236 236 236 236 236 236 236 236 236 180 
1 5 5 5 5 5 5 5 5 5 5 5 5 5 5 5 5 5 5 5 5 5 5 5 5 5 5 5 5 5 5 5 5 5 5 5 5 5 5 5 5 5 5 5 5 5 5 5 5 5 5 5 5 5 5 5 5 5 5 5 5 5 5 5 5 5 5 5 5 5 5 5 5 5 5 5 5 5 5 5 5 5 5 5 5 5 5 5 5 5 5 221 5 107 107 5 5 5 5 5 5 5 107 107 107 107 5 5 5 107 5 5 5 5 5 5 5 5 5 5 5 5 5 5 5 5 5 5 5 5 5 5 5 5 5 5 5 5 5 5 5 5 169 174 5 5 5 5 5 159 5 5 5 5 5 5 253 236 236 236 236 236 236 236 236 236 236 236 236 236 236 236 236 236 236 236 236 180 
1 5 5 5 5 5 5 5 5 5 5 5 5 5 5 5 5 5 5 94 5 5 5 5 5 5 5 5 5 5 5 5 5 5 5 5 138 5 5 5 5 5 138 5 5 5 5 5 5 5 5 5 5 5 5 5 5 5 5 5 5 5 5 5 5 5 5 5 5 5 5 5 5 159 5 5 5 5 5 5 5 5 5 5 5 5 5 5 5 5 5 5 5 5 5 5 5 5 5 5 5 5 5 5 5 5 5 5 5 5 5 5 5 5 107 5 5 5 5 5 5 5 5 94 5 5 5 5 5 5 5 5 5 5 5 5 5 5 5 5 5 5 229 237 5 5 5 5 5 5 5 5 5 5 5 5 253 236 236 236 236 236 236 236 236 236 236 236 236 236 236 236 236 236 236 236 236 180 
1 5 5 5 5 5 5 5 5 5 5 5 5 5 5 5 5 5 5 5 5 159 5 5 5 5 5 5 5 5 5 5 5 5 5 5 5 5 5 5 5 5 5 5 5 5 5 5 5 5 138 5 5 5 5 5 5 5 5 5 5 5 5 94 5 5 5 5 5 5 5 5 5 5 5 5 5 159 5 5 5 5 5 5 107 107 107 5 5 5 5 5 5 5 5 5 5 5 5 5 5 5 5 5 5 5 5 5 5 5 5 5 5 5 5 5 5 5 5 5 5 5 5 5 5 5 5 5 5 5 5 5 5 5 5 5 5 5 5 5 5 5 5 5 5 5 138 5 5 5 5 5 5 5 5 5 253 236 236 236 236 236 236 236 236 236 236 236 236 236 236 236 236 236 236 236 236 180 
1 5 5 5 5 5 5 5 5 5 5 5 5 5 5 5 5 5 5 5 5 5 5 5 5 5 5 5 138 5 5 5 5 5 5 94 5 5 5 5 5 5 5 94 5 5 5 5 5 5 5 5 5 5 5 5 5 5 5 5 5 5 5 5 5 5 5 5 5 5 5 5 5 5 5 5 138 5 5 5 5 5 5 5 5 5 5 5 5 5 5 5 5 5 5 5 5 5 5 5 5 5 5 5 5 5 5 5 5 5 138 5 5 5 5 5 5 5 5 5 5 5 5 5 5 5 5 5 5 5 5 5 5 5 138 5 5 5 138 5 5 5 5 5 5 5 5 5 5 5 5 5 5 5 5 5 253 236 236 236 236 236 236 236 236 236 236 236 236 236 236 236 236 236 236 236 236 180 
1 5 5 5 5 5 5 5 5 5 5 5 5 5 5 5 5 5 138 5 5 5 5 5 5 5 5 5 5 5 5 5 5 5 5 5 5 5 5 5 5 5 5 5 5 5 5 5 5 5 5 5 5 5 5 5 5 5 5 5 5 5 5 5 5 5 5 5 5 5 5 94 5 5 5 5 5 5 5 5 5 5 5 5 5 5 5 5 5 5 5 5 5 5 5 5 5 5 5 5 5 5 5 5 5 5 5 5 5 5 5 5 138 5 5 5 5 5 5 5 5 5 5 5 5 5 5 5 5 5 5 5 5 5 5 5 5 5 5 5 5 5 5 5 5 5 5 5 5 5 5 5 5 5 5 5 253 236 236 236 236 236 236 236 236 236 236 236 236 236 236 236 236 236 236 236 236 180 
1 5 5 5 5 5 5 5 5 5 5 5 5 5 5 5 5 5 5 5 5 5 138 5 5 5 5 5 5 5 5 5 5 5 5 5 5 5 138 5 5 5 5 5 5 5 5 5 5 5 5 5 5 5 5 94 5 5 5 5 5 5 5 5 5 5 5 94 5 5 5 5 5 5 5 5 5 5 5 5 5 5 5 5 5 5 5 5 5 159 5 5 5 5 5 5 5 5 5 5 5 5 5 5 5 5 5 5 5 5 5 5 5 5 5 5 5 5 5 5 5 5 138 5 5 5 5 5 5 5 5 5 5 5 5 5 5 5 5 5 5 5 5 5 5 5 5 5 5 5 5 5 5 5 5 5 253 236 236 236 236 236 236 236 236 236 236 236 236 236 236 236 236 236 236 236 236 180 
1 5 5 5 5 5 5 5 5 5 5 5 5 5 5 5 5 5 5 5 5 5 5 5 5 5 5 5 138 5 5 5 5 5 5 5 5 5 5 5 5 5 5 5 5 159 5 5 5 5 5 5 5 5 5 5 5 5 5 5 5 5 5 5 5 5 5 5 5 159 5 5 5 5 5 5 5 5 5 5 5 5 5 5 138 5 5 5 5 5 5 5 5 5 5 5 5 5 5 94 5 5 5 5 5 5 5 5 5 5 5 5 5 5 5 5 5 5 5 5 5 5 5 5 5 5 138 5 5 5 5 5 5 5 5 5 5 5 5 5 5 5 5 5 5 5 5 5 5 5 5 5 5 159 5 5 253 236 236 236 236 236 236 236 236 236 236 236 236 236 236 236 236 236 236 236 236 180 
1 5 5 5 5 5 5 5 5 5 5 5 5 5 5 5 5 5 5 5 5 5 5 5 5 5 5 5 5 5 5 5 5 5 5 5 5 5 5 5 5 5 5 5 5 5 5 5 5 5 5 5 5 5 5 5 5 5 5 5 5 5 5 5 5 5 5 5 5 5 5 5 5 5 5 5 5 5 5 5 5 5 5 5 5 5 5 5 5 5 5 5 5 5 5 5 5 5 5 5 5 5 5 5 5 5 5 5 5 5 5 5 5 5 5 5 5 5 5 5 5 5 5 5 5 5 5 5 5 5 5 5 5 5 5 5 5 5 5 5 5 5 5 5 5 5 5 5 5 5 5 5 5 5 5 5 253 236 236 236 236 236 236 236 236 236 236 236 236 236 236 236 236 236 236 236 236 180 
0 4 4 4 4 4 4 4 4 4 4 4 4 4 4 4 4 4 4 4 4 4 4 4 4 4 4 4 4 4 4 4 4 4 4 4 4 4 4 4 4 4 4 4 4 4 4 4 4 4 4 4 4 4 4 4 4 4 4 4 4 4 4 4 4 4 4 4 4 4 4 4 4 4 4 4 4 4 4 4 4 4 4 4 4 4 4 4 4 4 4 4 4 4 4 4 4 4 4 4 4 4 4 4 4 4 4 4 4 4 4 4 4 4 4 4 4 4 4 4 4 4 4 4 4 4 4 4 4 4 4 4 4 4 4 4 4 4 4 4 4 4 4 4 4 4 4 4 4 4 4 4 4 4 4 4 4 4 4 4 4 4 4 4 4 4 4 4 4 4 4 4 4 4 4 4 4 262 
